#61
[1, 0]
>0

#GET_DIRECTORY
[0, -1]
>-1
grpo_ex
#6144
[1, 300, 0]
#ASSIGN
[0, 1]
#IMAGE_SET
[]
#IMAGE_GET
[3150, 0]
#6144
[1, 100, 1]
#ASSIGN
[0, 1]
@1
#30720
[1, 100, 12]
#ASSIGN
[0, 1]
#4
[86]
#JUMP
[0]
#36
[65636, 0]
#43008
[1, 100, 1]
#6400
[2, 100, 1]
#ASSIGN
[0, 2]
#JUMP
[1]
@0
#6144
[1, 100, 0]
#ASSIGN
[0, 1]
#36
[21, 0]
#IMAGE_DEF
[20, 9112, 693, 534, 0, 0]
#75
[20, 9122, 693, 534, 0]
#70
[20, 20, 3, 0]
#IMAGE_DEF
[22, 9110, 646, 530, 0, 0]
#75
[22, 9120, 646, 530, 0]
#70
[22, 22, 3, 0]
#BLEND_IMG
[1, 10, 5]
#IMAGE_SET
[]
#38912
[1, 8001, 0]
#ASSIGN
[0, 1]
#JUMP_UNLESS
[2]
#IMAGE_DEF
[1, 3, 142, 116, 4, 0]
#75
[1, 5003, 142, 116, 0]
#70
[1, 5001, 3, 0]
@2
#38912
[1, 8004, 0]
#ASSIGN
[0, 1]
#JUMP_UNLESS
[3]
#IMAGE_DEF
[2, 25, 283, 116, 4, 0]
#75
[2, 5025, 283, 116, 0]
#70
[2, 5004, 3, 0]
@3
#38912
[1, 8010, 0]
#ASSIGN
[0, 1]
#JUMP_UNLESS
[4]
#IMAGE_DEF
[3, 33, 424, 116, 4, 0]
#75
[3, 5033, 424, 116, 0]
#70
[3, 5010, 3, 0]
@4
#38912
[1, 8012, 0]
#ASSIGN
[0, 1]
#JUMP_UNLESS
[5]
#IMAGE_DEF
[4, 41, 629, 116, 4, 0]
#75
[4, 5041, 629, 116, 0]
#70
[4, 5012, 3, 0]
@5
#38912
[1, 8002, 0]
#ASSIGN
[0, 1]
#JUMP_UNLESS
[6]
#IMAGE_DEF
[5, 101, 37, 269, 4, 0]
#75
[5, 5101, 37, 269, 0]
#70
[5, 5002, 3, 0]
@6
#38912
[1, 8007, 0]
#ASSIGN
[0, 1]
#JUMP_UNLESS
[7]
#IMAGE_DEF
[6, 211, 178, 269, 4, 0]
#75
[6, 5211, 178, 269, 0]
#70
[6, 5007, 3, 0]
@7
#38912
[1, 8006, 0]
#ASSIGN
[0, 1]
#JUMP_UNLESS
[8]
#IMAGE_DEF
[7, 251, 319, 269, 4, 0]
#75
[7, 5251, 319, 269, 0]
#70
[7, 5006, 3, 0]
@8
#38912
[1, 8009, 0]
#ASSIGN
[0, 1]
#JUMP_UNLESS
[9]
#IMAGE_DEF
[8, 271, 527, 269, 4, 0]
#75
[8, 5271, 527, 269, 0]
#70
[8, 5009, 3, 0]
@9
#38912
[1, 8005, 0]
#ASSIGN
[0, 1]
#JUMP_UNLESS
[10]
#IMAGE_DEF
[9, 401, 668, 269, 4, 0]
#75
[9, 5401, 668, 269, 0]
#70
[9, 5005, 3, 0]
@10
#38912
[1, 8011, 0]
#ASSIGN
[0, 1]
#JUMP_UNLESS
[11]
#IMAGE_DEF
[10, 501, 69, 415, 4, 0]
#75
[10, 5501, 69, 415, 0]
#70
[10, 5011, 3, 0]
@11
#38912
[1, 8003, 0]
#ASSIGN
[0, 1]
#JUMP_UNLESS
[12]
#IMAGE_DEF
[11, 605, 210, 415, 4, 0]
#75
[11, 5605, 210, 415, 0]
#70
[11, 5003, 3, 0]
@12
#38912
[1, 8013, 0]
#ASSIGN
[0, 1]
#JUMP_UNLESS
[13]
#IMAGE_DEF
[12, 611, 351, 415, 4, 0]
#75
[12, 5611, 351, 415, 0]
#70
[12, 5013, 3, 0]
@13
#38912
[1, 8008, 0]
#ASSIGN
[0, 1]
#JUMP_UNLESS
[14]
#IMAGE_DEF
[13, 704, 561, 415, 4, 0]
#75
[13, 5704, 561, 415, 0]
#70
[13, 5008, 3, 0]
@14
#27
[]
#73
[0, 0, 0]
#62
[1]
#63
[1, 0, 0]
#6656
[1, 300, 0]
#ASSIGN
[0, 1]
#22528
[2, 0, 5001]
#ASSIGN
[1, 2]
#30720
[4, 0, 5015]
#ASSIGN
[3, 4]
#AND
[5, 1, 3]
#ASSIGN
[0, 5]
#JUMP_UNLESS
[15]
#6144
[1, 399, 1]
#ASSIGN
[0, 1]
#15
[310, -1, 0, 0, 0, 0, 0, 0, 0, 0, 0, 0]
>-1

#15
[601, -1, 0, 0, 0, 0, 0, 0, 0, 0, 0, 0]
>-1

#15
[65836, -1, 0, 0, 0, 0, 0, 0, 0, 0, 0, 0]
>-1

#IMAGE_SET
[]
#36
[0, 0]
#42
[0, 0]
#38
[0, 0, 0]
#GET_DIRECTORY
[0, -1]
>-1
grpo
#IMAGE_GET
[999, 0]
#BLEND_IMG
[1, 8, 2]
#6144
[1, 300, 0]
#ASSIGN
[0, 1]
#6144
[1, 399, 0]
#ASSIGN
[0, 1]
#56
[0, 0, 0, 0, 0]
#52
[]
#67
[1]
#64
[1]
#CALL_SCRIPT
[301, 0]
#JUMP
[16]
@15
#EQUALS
[1, 0, 20]
#ASSIGN
[0, 1]
#JUMP_UNLESS
[17]
#6144
[1, 399, 0]
#ASSIGN
[0, 1]
#6144
[1, 300, 0]
#ASSIGN
[0, 1]
#IMAGE_SET
[]
#36
[0, 0]
#IMAGE_GET
[999, 0]
#BLEND_IMG
[1, 20, 15]
#CALL_SCRIPT
[0, 0]
@16
#JUMP
[18]
@17
#EQUALS
[1, 0, 22]
#ASSIGN
[0, 1]
#JUMP_UNLESS
[18]
#IMAGE_SET
[]
#36
[0, 0]
#IMAGE_GET
[999, 0]
#BLEND_IMG
[1, 15, 5]
#CALL_SCRIPT
[302, 0]