#6144
[1, 9001, 1]
#ASSIGN
[0, 1]
#6144
[1, 9002, 1]
#ASSIGN
[0, 1]
#6144
[1, 9041, 1]
#ASSIGN
[0, 1]
#6144
[1, 9042, 1]
#ASSIGN
[0, 1]
#6144
[1, 9043, 1]
#ASSIGN
[0, 1]
#6144
[1, 9044, 1]
#ASSIGN
[0, 1]
#6144
[1, 9045, 1]
#ASSIGN
[0, 1]
#6144
[1, 9046, 1]
#ASSIGN
[0, 1]
#6144
[1, 9047, 1]
#ASSIGN
[0, 1]
#6144
[1, 9048, 1]
#ASSIGN
[0, 1]
#6144
[1, 9049, 1]
#ASSIGN
[0, 1]
#6144
[1, 9050, 1]
#ASSIGN
[0, 1]
#6144
[1, 9051, 1]
#ASSIGN
[0, 1]
#6144
[1, 9052, 1]
#ASSIGN
[0, 1]
#6144
[1, 9053, 1]
#ASSIGN
[0, 1]
#6144
[1, 9054, 1]
#ASSIGN
[0, 1]
#6144
[1, 9055, 1]
#ASSIGN
[0, 1]
#16
[0]
>0
