#6144
[1, 8001, 1]
#ASSIGN
[0, 1]
#6144
[1, 8002, 1]
#ASSIGN
[0, 1]
#6144
[1, 8003, 1]
#ASSIGN
[0, 1]
#6144
[1, 8004, 1]
#ASSIGN
[0, 1]
#6144
[1, 8005, 1]
#ASSIGN
[0, 1]
#6144
[1, 8006, 1]
#ASSIGN
[0, 1]
#6144
[1, 8007, 1]
#ASSIGN
[0, 1]
#6144
[1, 8008, 1]
#ASSIGN
[0, 1]
#6144
[1, 8009, 1]
#ASSIGN
[0, 1]
#6144
[1, 8010, 1]
#ASSIGN
[0, 1]
#6144
[1, 8011, 1]
#ASSIGN
[0, 1]
#6144
[1, 8012, 1]
#ASSIGN
[0, 1]
#6144
[1, 8013, 1]
#ASSIGN
[0, 1]
#6144
[1, 8014, 1]
#ASSIGN
[0, 1]
#6144
[1, 8015, 1]
#ASSIGN
[0, 1]
#16
[0]
>0
