#6144
[1, 8001, 0]
#ASSIGN
[0, 1]
#6144
[1, 8002, 0]
#ASSIGN
[0, 1]
#6144
[1, 8003, 0]
#ASSIGN
[0, 1]
#6144
[1, 8004, 0]
#ASSIGN
[0, 1]
#6144
[1, 8005, 0]
#ASSIGN
[0, 1]
#6144
[1, 8006, 0]
#ASSIGN
[0, 1]
#6144
[1, 8007, 0]
#ASSIGN
[0, 1]
#6144
[1, 8008, 0]
#ASSIGN
[0, 1]
#6144
[1, 8009, 0]
#ASSIGN
[0, 1]
#6144
[1, 8010, 0]
#ASSIGN
[0, 1]
#6144
[1, 8011, 0]
#ASSIGN
[0, 1]
#6144
[1, 8012, 0]
#ASSIGN
[0, 1]
#6144
[1, 8013, 0]
#ASSIGN
[0, 1]
#6144
[1, 8014, 0]
#ASSIGN
[0, 1]
#6144
[1, 8015, 0]
#ASSIGN
[0, 1]
#16
[0]
>0
