#6144
[1, 3, 1]
#ASSIGN
[0, 1]
#PAUSE
[10]
#6144
[1, 501, 1001]
#ASSIGN
[0, 1]
#6144
[1, 502, 1]
#ASSIGN
[0, 1]
#6144
[1, 503, 6]
#ASSIGN
[0, 1]
#15
[501, -1, 0, 0, 0, 0, 0, 0, 0, 0, 0, 0]
>-1

#15
[510, -1, 0, 0, 0, 0, 0, 0, 0, 0, 0, 0]
>-1

#MESSAGE
[0, 0, 0, 0, -1, -1, 1]
>-1

>-1
^g001１２３４５６７８９０１２３４５６７８９０１、１２３４５６７８９０１２３４５６７８９０１。１２３４５６７８９０１２３４５６７８９０１１２３４５６７８９０１２３４５６７８９――？
#MESSAGE
[0, 0, 0, 0, -1, -1, 1]
>-1

>-1
^g001けれどもそういった具体的なことを考えようとすれば雑踏のノイズはたちまち俺に襲いかかる。だから俺は何も考えず頭を空っぽにして足任せ道任せ運任せで十月の街を漂い流れていく――？
#MESSAGE
[0, 0, 0, 0, -1, -1, 1]
>-1

>-1
^g999更新ルーチン 0501 & 0503 の参考用スクリプトです。スクリプト開始時や、イベントＣＧ更新などに使用します。
#MESSAGE
[0, 0, 0, 0, -1, -1, 1]
>-1

>-1
^g999テキストボックスに表示された設定はクリック後に実行されます。
#MESSAGE
[0, 0, 0, 0, -1, -1, 1]
>-1

>-1
^g003エフェクト設定＝００１
　クロスディゾルブでブラックアウト
更新スピード設定＝０（デフォルト）
#6144
[1, 501, 1002]
#ASSIGN
[0, 1]
#6144
[1, 502, 1]
#ASSIGN
[0, 1]
#6144
[1, 503, 0]
#ASSIGN
[0, 1]
#15
[501, -1, 0, 0, 0, 0, 0, 0, 0, 0, 0, 0]
>-1

#60
[3, 1, 0]
#15
[510, -1, 0, 0, 0, 0, 0, 0, 0, 0, 0, 0]
>-1

#MESSAGE
[0, 0, 0, 0, -1, -1, 1]
>-1

>-1
^g003エフェクト設定＝１０１
　クロスディゾルブでホワイトアウト
更新スピード設定＝１
#6144
[1, 501, 1003]
#ASSIGN
[0, 1]
#6144
[1, 502, 101]
#ASSIGN
[0, 1]
#6144
[1, 503, 1]
#ASSIGN
[0, 1]
#15
[501, -1, 0, 0, 0, 0, 0, 0, 0, 0, 0, 0]
>-1

#60
[3, 1, 0]
#15
[510, -1, 0, 0, 0, 0, 0, 0, 0, 0, 0, 0]
>-1

#MESSAGE
[0, 0, 0, 0, -1, -1, 1]
>-1

>-1
^g003エフェクト設定＝００２
　ドットディゾルブでブラックアウト
更新スピード設定＝２
#6144
[1, 501, 1101]
#ASSIGN
[0, 1]
#6144
[1, 502, 2]
#ASSIGN
[0, 1]
#6144
[1, 503, 2]
#ASSIGN
[0, 1]
#15
[501, -1, 0, 0, 0, 0, 0, 0, 0, 0, 0, 0]
>-1

#60
[3, 1, 0]
#15
[510, -1, 0, 0, 0, 0, 0, 0, 0, 0, 0, 0]
>-1

#MESSAGE
[0, 0, 0, 0, -1, -1, 1]
>-1

>-1
^g003エフェクト設定１０２
　ドットディゾルブでホワイトアウト
更新スピード設定＝３
#6144
[1, 501, 1103]
#ASSIGN
[0, 1]
#6144
[1, 502, 102]
#ASSIGN
[0, 1]
#6144
[1, 503, 3]
#ASSIGN
[0, 1]
#15
[501, -1, 0, 0, 0, 0, 0, 0, 0, 0, 0, 0]
>-1

#60
[3, 1, 0]
#15
[510, -1, 0, 0, 0, 0, 0, 0, 0, 0, 0, 0]
>-1

#MESSAGE
[0, 0, 0, 0, -1, -1, 1]
>-1

>-1
^g003エフェクト設定００３（１０３と変化無し）
　ホワイトアウト
更新スピード設定＝４
#6144
[1, 501, 1104]
#ASSIGN
[0, 1]
#6144
[1, 502, 3]
#ASSIGN
[0, 1]
#6144
[1, 503, 4]
#ASSIGN
[0, 1]
#15
[501, -1, 0, 0, 0, 0, 0, 0, 0, 0, 0, 0]
>-1

#60
[3, 1, 0]
#15
[510, -1, 0, 0, 0, 0, 0, 0, 0, 0, 0, 0]
>-1

#MESSAGE
[0, 0, 0, 0, -1, -1, 1]
>-1

>-1
^g003エフェクト設定１０３(００３と同機能)
　ホワイトアウト
更新スピード設定＝５
#6144
[1, 501, 1105]
#ASSIGN
[0, 1]
#6144
[1, 502, 3]
#ASSIGN
[0, 1]
#6144
[1, 503, 5]
#ASSIGN
[0, 1]
#15
[501, -1, 0, 0, 0, 0, 0, 0, 0, 0, 0, 0]
>-1

#60
[3, 1, 0]
#15
[510, -1, 0, 0, 0, 0, 0, 0, 0, 0, 0, 0]
>-1

#MESSAGE
[0, 0, 0, 0, -1, -1, 1]
>-1

>-1
^g003エフェクト設定００４
　ブラックアウト
更新スピード設定＝６
#6144
[1, 501, 1106]
#ASSIGN
[0, 1]
#6144
[1, 502, 4]
#ASSIGN
[0, 1]
#6144
[1, 503, 6]
#ASSIGN
[0, 1]
#15
[501, -1, 0, 0, 0, 0, 0, 0, 0, 0, 0, 0]
>-1

#60
[3, 1, 0]
#15
[510, -1, 0, 0, 0, 0, 0, 0, 0, 0, 0, 0]
>-1

#MESSAGE
[0, 0, 0, 0, -1, -1, 1]
>-1

>-1
^g003エフェクト設定００４
　ブラックアウト
更新スピード設定＝７
#6144
[1, 501, 1201]
#ASSIGN
[0, 1]
#6144
[1, 502, 4]
#ASSIGN
[0, 1]
#6144
[1, 503, 7]
#ASSIGN
[0, 1]
#15
[501, -1, 0, 0, 0, 0, 0, 0, 0, 0, 0, 0]
>-1

#60
[3, 1, 0]
#15
[510, -1, 0, 0, 0, 0, 0, 0, 0, 0, 0, 0]
>-1

#MESSAGE
[0, 0, 0, 0, -1, -1, 1]
>-1

>-1
^g003エフェクト設定１０４(００４と同機能)
　ブラックアウト
更新スピード設定＝省略（４と同じ）
#6144
[1, 501, 1202]
#ASSIGN
[0, 1]
#6144
[1, 502, 104]
#ASSIGN
[0, 1]
#15
[501, -1, 0, 0, 0, 0, 0, 0, 0, 0, 0, 0]
>-1

#60
[3, 1, 0]
#15
[510, -1, 0, 0, 0, 0, 0, 0, 0, 0, 0, 0]
>-1

#MESSAGE
[0, 0, 0, 0, -1, -1, 1]
>-1

>-1
^g003エフェクト設定１１
　マスクエフェクト・黒
更新スピード設定＝１
#6144
[1, 501, 1203]
#ASSIGN
[0, 1]
#6144
[1, 502, 11]
#ASSIGN
[0, 1]
#6144
[1, 503, 2]
#ASSIGN
[0, 1]
#15
[501, -1, 0, 0, 0, 0, 0, 0, 0, 0, 0, 0]
>-1

#60
[3, 1, 0]
#15
[510, -1, 0, 0, 0, 0, 0, 0, 0, 0, 0, 0]
>-1

#MESSAGE
[0, 0, 0, 0, -1, -1, 1]
>-1

>-1
^g003エフェクト設定１１
　マスクエフェクト・白
更新スピード設定＝２
#6144
[1, 501, 1204]
#ASSIGN
[0, 1]
#6144
[1, 502, 111]
#ASSIGN
[0, 1]
#6144
[1, 503, 4]
#ASSIGN
[0, 1]
#15
[501, -1, 0, 0, 0, 0, 0, 0, 0, 0, 0, 0]
>-1

#60
[3, 1, 0]
#15
[510, -1, 0, 0, 0, 0, 0, 0, 0, 0, 0, 0]
>-1

#MESSAGE
[0, 0, 0, 0, -1, -1, 1]
>-1

>-1
^g999同じ速度設定でも、更新エフェクトマスク(１１〜)を使用する際には遅くなるので注意してください。
#MESSAGE
[0, 0, 0, 0, -1, -1, 1]
>-1

>-1
^g999以上。
#16
[0]