#6144
[1, 501, 999]
#ASSIGN
[0, 1]
#6144
[1, 502, 1]
#ASSIGN
[0, 1]
#6144
[1, 503, 5]
#ASSIGN
[0, 1]
#15
[501, -1, 0, 0, 0, 0, 0, 0, 0, 0, 0, 0]
>-1

#15
[510, -1, 0, 0, 0, 0, 0, 0, 0, 0, 0, 0]
>-1

#IMAGE_SET
[]
#IMAGE_GET
[4405, 0]
#IMAGE_DEF
[30, 1691, 0, 0, 0, 0]
#BLEND_IMG
[1, 15, 2]
#MESSAGE
[0, 0, 0, 0, -1, -1, 1]
>-1

>-1
^g999魔法アイコン表示テスト１
#44
[40]
#43
[96, 0]
#43
[0, 0]
#MESSAGE
[0, 0, 0, 0, -1, -1, 1]
>-1

>-1
^g999魔法アイコン表示テスト２
#6144
[1, 601, 5096]
#ASSIGN
[0, 1]
#6144
[1, 602, 19]
#ASSIGN
[0, 1]
#6144
[1, 603, 1]
#ASSIGN
[0, 1]
#15
[504, -1, 0, 0, 0, 0, 0, 0, 0, 0, 0, 0]
>-1

#MESSAGE
[0, 0, 0, 0, -1, -1, 1]
>-1

>-1
^g999更新エフェクト
#6144
[1, 501, 4407]
#ASSIGN
[0, 1]
#6144
[1, 502, 5]
#ASSIGN
[0, 1]
#6144
[1, 503, 4]
#ASSIGN
[0, 1]
#15
[501, -1, 0, 0, 0, 0, 0, 0, 0, 0, 0, 0]
>-1

#15
[510, -1, 0, 0, 0, 0, 0, 0, 0, 0, 0, 0]
>-1

#MESSAGE
[0, 0, 0, 0, -1, -1, 1]
>-1

>-1
^g999更新エフェクト
#6144
[1, 501, 4406]
#ASSIGN
[0, 1]
#6144
[1, 502, 120]
#ASSIGN
[0, 1]
#6144
[1, 503, 4]
#ASSIGN
[0, 1]
#15
[501, -1, 0, 0, 0, 0, 0, 0, 0, 0, 0, 0]
>-1

#15
[510, -1, 0, 0, 0, 0, 0, 0, 0, 0, 0, 0]
>-1

#8
[]