#15
[2002, -1, 0, 0, 0, 0, 0, 0, 0, 0, 0, 0]
>-1

#52
[]
#15
[2003, -1, 0, 0, 0, 0, 0, 0, 0, 0, 0, 0]
>-1

#52
[]
#15
[2004, -1, 0, 0, 0, 0, 0, 0, 0, 0, 0, 0]
>-1

#52
[]
#15
[2005, -1, 0, 0, 0, 0, 0, 0, 0, 0, 0, 0]
>-1

#52
[]
#15
[2006, -1, 0, 0, 0, 0, 0, 0, 0, 0, 0, 0]
>-1

#52
[]
#15
[2007, -1, 0, 0, 0, 0, 0, 0, 0, 0, 0, 0]
>-1

#52
[]
#15
[2008, -1, 0, 0, 0, 0, 0, 0, 0, 0, 0, 0]
>-1

#52
[]
#15
[2009, -1, 0, 0, 0, 0, 0, 0, 0, 0, 0, 0]
>-1

#52
[]
#15
[2010, -1, 0, 0, 0, 0, 0, 0, 0, 0, 0, 0]
>-1

@1
#52
[]
#15
[2011, -1, 0, 0, 0, 0, 0, 0, 0, 0, 0, 0]
>-1

#38912
[1, 3999, 0]
#ASSIGN
[0, 1]
#JUMP_UNLESS
[0]
#52
[]
#15
[1109, -1, 0, 0, 0, 0, 0, 0, 0, 0, 0, 0]
>-1

#JUMP
[1]
@0
#16
[0]