#15
[2024, -1, 0, 0, 0, 0, 0, 0, 0, 0, 0, 0]
>-1

#52
[]
#15
[2025, -1, 0, 0, 0, 0, 0, 0, 0, 0, 0, 0]
>-1

#52
[]
#15
[2026, -1, 0, 0, 0, 0, 0, 0, 0, 0, 0, 0]
>-1

#52
[]
#15
[2027, -1, 0, 0, 0, 0, 0, 0, 0, 0, 0, 0]
>-1

#52
[]
#15
[2028, -1, 0, 0, 0, 0, 0, 0, 0, 0, 0, 0]
>-1

#52
[]
#15
[2029, -1, 0, 0, 0, 0, 0, 0, 0, 0, 0, 0]
>-1

#52
[]
#15
[2030, -1, 0, 0, 0, 0, 0, 0, 0, 0, 0, 0]
>-1

#52
[]
#15
[2031, -1, 0, 0, 0, 0, 0, 0, 0, 0, 0, 0]
>-1

#52
[]
#15
[2032, -1, 0, 0, 0, 0, 0, 0, 0, 0, 0, 0]
>-1

#52
[]
#15
[2033, -1, 0, 0, 0, 0, 0, 0, 0, 0, 0, 0]
>-1

#52
[]
#15
[2034, -1, 0, 0, 0, 0, 0, 0, 0, 0, 0, 0]
>-1

#52
[]
#15
[2035, -1, 0, 0, 0, 0, 0, 0, 0, 0, 0, 0]
>-1

#52
[]
#15
[2036, -1, 0, 0, 0, 0, 0, 0, 0, 0, 0, 0]
>-1

@1
#52
[]
#15
[2037, -1, 0, 0, 0, 0, 0, 0, 0, 0, 0, 0]
>-1

#38912
[1, 3999, 0]
#ASSIGN
[0, 1]
#JUMP_UNLESS
[0]
#52
[]
#15
[1209, -1, 0, 0, 0, 0, 0, 0, 0, 0, 0, 0]
>-1

#JUMP
[1]
@0
#52
[]
#15
[2052, -1, 0, 0, 0, 0, 0, 0, 0, 0, 0, 0]
>-1

#16
[0]