#15
[2053, -1, 0, 0, 0, 0, 0, 0, 0, 0, 0, 0]
>-1

#52
[]
#15
[2054, -1, 0, 0, 0, 0, 0, 0, 0, 0, 0, 0]
>-1

#52
[]
#15
[2055, -1, 0, 0, 0, 0, 0, 0, 0, 0, 0, 0]
>-1

#52
[]
#15
[2056, -1, 0, 0, 0, 0, 0, 0, 0, 0, 0, 0]
>-1

#52
[]
#15
[2057, -1, 0, 0, 0, 0, 0, 0, 0, 0, 0, 0]
>-1

#52
[]
#15
[2058, -1, 0, 0, 0, 0, 0, 0, 0, 0, 0, 0]
>-1

#52
[]
#15
[2059, -1, 0, 0, 0, 0, 0, 0, 0, 0, 0, 0]
>-1

@1
#52
[]
#15
[2060, -1, 0, 0, 0, 0, 0, 0, 0, 0, 0, 0]
>-1

#38912
[1, 3999, 0]
#ASSIGN
[0, 1]
#JUMP_UNLESS
[0]
#52
[]
#15
[1309, -1, 0, 0, 0, 0, 0, 0, 0, 0, 0, 0]
>-1

#JUMP
[1]
@0
#52
[]
#15
[2065, -1, 0, 0, 0, 0, 0, 0, 0, 0, 0, 0]
>-1

#52
[]
#15
[2066, -1, 0, 0, 0, 0, 0, 0, 0, 0, 0, 0]
>-1

#16
[0]