#15
[2401, -1, 0, 0, 0, 0, 0, 0, 0, 0, 0, 0]
>-1

#52
[]
#15
[2402, -1, 0, 0, 0, 0, 0, 0, 0, 0, 0, 0]
>-1

#52
[]
#15
[2403, -1, 0, 0, 0, 0, 0, 0, 0, 0, 0, 0]
>-1

#52
[]
#15
[2404, -1, 0, 0, 0, 0, 0, 0, 0, 0, 0, 0]
>-1

#52
[]
#15
[2405, -1, 0, 0, 0, 0, 0, 0, 0, 0, 0, 0]
>-1

#52
[]
#15
[2406, -1, 0, 0, 0, 0, 0, 0, 0, 0, 0, 0]
>-1

@1
#52
[]
#15
[2407, -1, 0, 0, 0, 0, 0, 0, 0, 0, 0, 0]
>-1

#38912
[1, 3999, 0]
#ASSIGN
[0, 1]
#JUMP_UNLESS
[0]
#52
[]
#15
[1409, -1, 0, 0, 0, 0, 0, 0, 0, 0, 0, 0]
>-1

#JUMP
[1]
@0
#16
[0]